y direction distance test:


5 cm to the right:
    -0.04584210526315789
-0.04584210526315789
-0.04350649350649351
-0.04584210526315789
-0.04584210526315789
-0.04123076923076923
-0.04584210526315789
-0.04584210526315789
-0.04584210526315789
-0.04645333333333334
>>>

10 cm to the right:
-0.09658441558441559
-0.09571428571428571
-0.09571428571428571
-0.09697368421052632
-0.09571428571428571
-0.0944871794871795
-0.0944871794871795
-0.09571428571428571
-0.09658441558441559
-0.09571428571428571

15 cm to the right:
-0.14444155844155845
-0.14444155844155845
-0.1425897435897436
-0.14444155844155845
-0.14344871794871794
-0.1425897435897436
-0.14444155844155845
-0.14444155844155845
-0.1453116883116883
-0.1453116883116883

20 cm to the right:
-0.19923684210526316
-0.19923684210526316
-0.19664935064935066
-0.19664935064935066
-0.19664935064935066
-0.19664935064935066
-0.19923684210526316
-0.19664935064935066
-0.19664935064935066
-0.20011842105263158

5 cm to the left:
0.05742857142857143
0.056692307692307695
0.05583333333333333
0.05583333333333333
0.05742857142857143
0.05583333333333333
0.056692307692307695
0.05583333333333333
0.05742857142857143
0.05742857142857143

10 cm to the left:
0.10855696202531646
0.10855696202531646
0.10994871794871795
0.10994871794871795
0.11137662337662338
0.11137662337662338
0.11137662337662338
0.10994871794871795
0.10994871794871795
0.11137662337662338

15 cm to the left:
0.1574935064935065
0.15461538461538463
0.15461538461538463
0.15662337662337664
0.15350632911392406
0.1574935064935065
0.1574935064935065
0.1586842105263158
0.15461538461538463
0.15520253164556963

20 cm to the left:
0.20701282051282052
0.20439240506329115
0.20701282051282052
0.2097012987012987
0.20701282051282052
0.20701282051282052
0.20701282051282052
0.20701282051282052
0.20615384615384616
0.20701282051282052
